Data obliczeń: 2020:12:3
Godzina obliczeń: 16:20
czas natezenie dopasowanie
  1   7.32   8.38 
  2  10.46   8.79 
  3   9.80   9.35 
  4   7.11  10.14 
  5  14.83  11.21 
  6  12.24  12.58 
  7  15.29  14.26 
  8  13.29  16.22 
  9  15.59  18.46 
 10  20.92  20.91 
 11  22.99  23.56 
 12  31.10  26.34 
 13  27.75  29.21 
 14  38.29  32.12 
 15  39.26  35.02 
 16  31.92  37.87 
 17  35.63  40.61 
 18  41.69  43.23 
 19  45.40  45.67 
 20  48.30  47.92 
 21  52.84  49.94 
 22  49.94  51.72 
 23  51.44  53.24 
 24  54.21  54.50 
 25  55.68  55.50 
 26  57.22  56.22 
 27  59.94  56.68 
 28  58.75  56.87 
 29  51.52  56.83 
 30  58.53  56.54 
 31  58.33  56.04 
 32  57.08  55.34 
 33  58.22  54.46 
 34  54.24  53.41 
 35  50.09  52.22 
 36  50.41  50.91 
 37  42.18  49.51 
 38  49.54  48.02 
 39  47.01  46.47 
 40  43.40  44.88 
 41  41.69  43.26 
 42  38.88  41.64 
 43  40.45  40.02 
 44  40.22  38.42 
 45  36.59  36.85 
 46  34.60  35.32 
 47  34.55  33.83 
 48  32.73  32.41 
 49  29.02  31.04 
 50  34.45  29.73 
 51  30.63  28.49 
 52  31.93  27.32 
 53  25.43  26.21 
 54  22.45  25.16 
 55  27.17  24.18 
 56  23.86  23.25 
 57  20.52  22.39 
 58  21.61  21.57 
 59  15.00  20.80 
 60  23.48  20.08 
 61  16.53  19.41 
 62  16.70  18.77 
 63  22.12  18.16 
 64  14.75  17.59 
 65  15.66  17.05 
 66  14.83  16.54 
 67  20.71  16.06 
 68  15.62  15.61 
 69  11.70  15.19 
 70  11.17  14.80 
 71  19.37  14.43 
 72  19.63  14.10 
 73  18.40  13.80 
 74   9.43  13.53 
 75  12.29  13.29 
 76  12.08  13.09 
 77  13.37  12.92 
 78  10.52  12.78 
 79   9.10  12.67 
 80  10.52  12.59 
 81  14.94  12.53 
 82  18.66  12.49 
 83  12.09  12.46 
 84  10.47  12.43 
 85  13.26  12.39 
 86   9.59  12.34 
 87  16.54  12.27 
 88  14.19  12.15 
 89   7.10  11.99 
 90   8.70  11.78 
 91  14.67  11.50 
 92  11.75  11.16 
 93  11.71  10.76 
 94   5.36  10.30 
 95  11.12   9.80 
 96  12.45   9.29 
 97   8.44   8.81 
 98   7.31   8.41 
 99   9.73   8.17 
100   7.10   8.19 
